решает_систему_линейных_уравнений_методом_Жордано_Гауса
n= 10

matrix
0 0 1 1 1 1 1 1 1 1
2 100 1 1 1 1 1 1 1 1
3 1 10 1 1 1 1 1 1 1
4 1 1 10 1 1 1 1 1 1
5 1 1 1 10 1 1 1 1 1
6 1 1 1 1 10 1 1 1 -1
7 1 1 1 1 1 10 1 1 -1
9 1 1 1 1 1 1 10 1 -1
9 1 1 1 1 1 1 1 10 -1
0 0 0 0 0 0 0 0 0 1

Расширение_матрицы
1 1 1 1 100 1 1 0 1 0


matrix
0 0 0 0 0 0 0 0 0 1
2 100 1 1 1 1 1 1 1 1
3 1 10 1 1 1 1 1 1 1
4 1 1 10 1 1 1 1 1 1
5 1 1 1 10 1 1 1 1 1
6 1 1 1 1 10 1 1 1 -1
7 1 1 1 1 1 10 1 1 -1
9 1 1 1 1 1 1 10 1 -1
9 1 1 1 1 1 1 1 10 -1
0 0 0 0 0 0 0 0 0 1

Расширение_матрицы
1 1 1 1 100 1 1 0 1 1


matrix
1 2 3
3 5 7
1 3 4

Расширение_матрицы
3 0 1